69817.89 80478.89 94691.75 81652.59 69572.98 65337.43 71318.61 86130.07 73306.00 65992.54 70289.60 75725.07 86754.64 89846.11 68047.13 90329.58 80908.95 69480.45 78186.72 94527.19 72232.71 85073.39 68904.21 79472.97 87085.15 93879.27 97345.85 74361.29 81119.45 87365.85 82604.10 89584.59 86791.09 65969.73 74400.45 80942.25 87528.88 65746.64 96429.50 95852.44 70523.48 77736.94 68563.81 70695.32 96632.43 95993.18 90076.42 88243.82 96420.79 72572.39 74318.62 95615.96 67528.26 75375.42 81497.51 95845.22 92998.87 84050.71 72798.34 77435.40 94728.85 92874.24 88934.49 86882.96
82559.26 94820.27 74532.80 90443.32 83516.07 70236.03 83859.15 69715.82 86360.07 88391.33 70146.80 96312.21 68350.50 83230.37 75338.08 80320.13 70750.30 75651.11 89198.21 70841.48 77926.88 79546.90 84550.06 78886.12 69999.82 73548.25 70919.73 86189.17 83567.32 69299.71 94947.63 89609.86 92852.56 88305.66 83243.22 96136.86 72057.25 74250.13 83858.58 92256.74 84739.11 73420.90 78595.94 88396.80 92708.73 95956.33 67251.18 74041.96 83333.29 80090.61 80809.91 95771.41 91175.01 83063.61 88083.56 95808.56 90899.34 90411.15 85327.26 72047.75 65852.13 79223.66 92294.81 97103.67
82248.44 90628.64 82861.98 75375.67 83365.56 75316.58 82068.48 77519.40 95628.88 90984.41 87522.76 75569.58 66547.31 71075.08 90410.62 78048.40 67091.38 73155.61 87129.61 79928.25 65933.12 82729.91 94539.55 84972.54 93380.95 74472.66 86219.13 69761.91 94427.20 88414.36 85485.28 88680.67 79378.10 70369.38 75575.98 74182.20 70031.37 88609.57 88016.58 94846.65 80592.58 74559.93 76728.32 80896.99 90921.81 92328.01 77774.62 67338.11 93027.10 71500.62 87633.64 97388.97 82404.51 85724.71 94522.43 89472.33 70497.21 92353.79 92902.42 80775.34 65812.81 71942.82 96303.77 75882.35
68979.25 89986.97 68575.09 90031.65 81470.18 94057.18 76574.28 91634.73 73546.02 80686.96 90122.36 84752.75 93158.27 65759.74 73129.23 80131.49 81653.10 96753.29 73723.90 79461.34 75426.40 88771.71 66097.22 65569.61 75434.21 71349.58 71052.63 79786.82 88182.31 96760.97 76097.56 93732.23 89620.66 81332.39 81323.18 72656.55 95383.32 77969.20 77296.47 90265.89 88125.52 84508.71 93200.39 92702.51 93213.50 73370.90 72111.10 95563.98 75678.23 75998.61 66446.30 91970.72 69051.95 66277.95 86873.22 71932.04 68875.55 91619.99 74885.03 74973.52 91859.11 96847.94 94392.41 72516.79
79110.96 81207.60 94546.38 89429.47 77583.43 66952.68 65121.77 84421.53 92508.36 96045.65 79851.69 97457.47 80063.78 96276.17 96775.41 94194.71 95612.92 74345.65 70903.03 82838.95 91679.00 94034.01 78504.95 71443.61 79931.23 86265.08 91929.85 70972.99 68591.27 95707.50 80196.26 95284.23 73443.62 82076.14 93794.69 92468.15 75316.83 76175.99 85833.92 73198.84 87385.71 86154.69 66594.16 66285.59 84708.93 85501.85 82768.23 82622.32 82767.82 69247.55 87703.07 88513.13 96635.69 94761.71 89750.36 67642.14 65936.82 93912.97 74962.19 95002.38 91298.69 73328.47 77169.77 66856.72
75526.81 89113.22 82877.07 84266.99 65240.75 67111.21 67247.24 93100.87 68765.57 65976.05 77902.34 69056.89 80571.70 94117.53 75311.77 71400.26 87999.83 70423.84 82117.48 70497.52 93149.06 81458.93 96694.36 87609.33 88005.60 80048.64 82188.65 85257.73 95683.47 95182.70 80295.93 86312.75 87509.10 90988.67 83720.91 91779.67 96887.65 85351.08 76758.81 97404.83 67146.92 83670.18 69635.61 94512.60 75773.92 84277.59 67646.33 89863.25 72343.41 95121.41 86698.46 89165.31 91746.21 87669.86 71604.49 65783.58 87982.03 93291.71 87537.46 66146.68 78191.16 91984.93 90955.14 82055.73
73162.95 94305.87 86763.51 80266.52 77334.68 76564.57 72545.81 72323.78 80121.80 80866.05 93306.00 93323.87 94780.28 70598.81 96321.43 72392.48 90177.70 85566.24 68329.99 77810.43 87797.36 70397.16 75669.61 65653.03 94899.12 81079.60 73567.63 66770.65 76697.79 87495.53 85564.88 82780.69 70808.73 84113.10 85497.88 86017.23 76605.95 76440.24 65187.66 70342.88 85729.31 95830.30 76656.17 66173.29 88408.78 85926.02 72643.86 77528.77 66590.61 86033.13 68289.54 95780.04 69337.63 87116.82 92886.69 83259.92 97465.27 73796.19 77353.98 90789.92 73801.11 72357.94 80492.23 91659.81
91184.25 69544.97 73154.99 83522.97 68328.86 65973.40 77261.08 66205.54 91844.52 69573.85 78770.14 84627.73 69424.97 84191.23 68806.31 71961.97 75505.60 79548.18 81177.49 83067.98 95575.32 71647.27 70506.52 66200.51 71878.78 96942.84 94207.85 76532.13 80022.79 80961.17 85041.31 81587.71 81508.64 88053.68 84564.93 90777.13 82974.31 71261.22 80296.73 89929.23 74020.96 77507.26 76935.59 80681.11 96314.61 71532.10 78481.92 65961.23 84639.71 85122.70 72855.25 92764.22 66690.50 67553.05 86494.27 91622.28 80883.98 80368.67 94268.12 89753.17 77350.19 92021.91 85728.33 68695.07
65554.81 69202.35 66370.59 68847.60 86572.29 65326.54 75422.76 83869.55 80691.54 78083.74 75420.64 84039.34 86159.02 66928.70 88347.36 96701.00 93661.97 87204.01 74708.22 76546.76 76653.47 97118.96 85991.24 94311.51 76598.96 76848.94 87171.14 89490.27 73732.89 88632.20 89718.92 90394.02 76895.10 82855.62 81466.45 77261.86 80313.12 89638.54 70620.14 71331.80 82779.58 78999.16 84870.60 88713.96 86037.19 69444.39 65521.11 76088.93 90370.47 84422.01 93091.53 97349.76 76283.81 85071.07 92453.22 84243.31 78992.00 68579.94 89457.68 86354.59 93123.36 70266.78 67764.21 73778.96
81506.34 78497.62 65070.91 89721.33 66382.88 76288.57 72285.55 71652.95 85806.15 74233.55 73018.15 89747.92 84729.46 95388.67 84951.96 79129.97 84053.24 92695.93 89722.27 92573.41 89044.34 95693.27 76078.23 71231.18 94114.86 79951.41 66279.80 84699.36 88454.77 88045.29 68619.14 75420.13 66831.91 93229.31 66174.80 97146.35 78568.70 69541.89 73497.68 66534.17 79510.76 77392.11 75151.74 74660.02 87640.40 73004.72 72728.69 77928.78 93743.88 97011.66 65161.35 84235.21 90129.78 80472.12 90902.52 96433.70 89198.58 93027.68 74816.41 96512.90 90426.59 92808.15 96313.10 68138.79
84337.58 95444.37 95929.09 85980.19 66103.56 66997.51 77492.62 96524.86 75190.22 83815.52 78761.88 92747.13 95915.97 93512.62 73826.15 73599.60 82188.79 85814.64 73367.94 92663.29 79611.56 71471.53 85155.62 87563.22 78326.53 88321.99 90476.94 94074.68 68677.49 73180.27 97263.98 84203.98 72538.42 81740.42 86665.47 87272.61 67446.64 76872.30 68401.99 90041.44 89617.23 66282.88 93236.42 75848.82 85923.64 88329.34 80578.52 80960.10 82784.39 71527.34 80621.13 90087.37 76446.97 94157.24 89299.83 76640.36 77467.39 73817.07 88558.33 74759.28 89245.60 83022.61 94410.57 72476.50
71178.91 85902.49 65754.23 94200.58 84928.05 86596.89 69891.38 73052.56 72649.80 89857.38 66251.12 80413.62 83430.99 83964.89 91078.68 77358.27 90457.81 83568.77 93210.03 73686.05 86431.32 94288.97 69220.14 92927.43 69862.75 86660.92 66805.05 95156.03 67545.19 65192.19 93787.88 96549.46 71786.90 85136.64 65169.96 89676.73 65088.96 78485.99 88453.12 96036.52 89707.65 88681.55 96847.24 90569.06 94661.19 87498.71 75335.25 83241.68 65410.93 86833.59 70469.42 85739.56 72349.48 95793.09 91586.18 87852.82 73735.12 76358.34 87013.05 65840.47 77975.42 86560.74 68888.57 71872.45
66927.70 66786.49 68525.89 86309.55 94764.01 72983.64 85905.48 87240.19 77904.13 88780.87 67438.16 69401.04 72671.32 80514.98 94415.34 77558.85 87215.53 65419.95 94402.30 65525.61 71553.80 88363.82 71236.27 67183.58 74957.96 70366.50 81527.23 96818.97 68729.50 86517.75 76017.79 72326.03 73535.26 81116.91 82100.77 76692.64 74722.56 69561.53 94007.25 83611.55 77927.33 91313.96 77582.35 97176.90 77888.95 70006.27 81401.90 69139.22 95165.15 81593.30 89328.47 86405.73 78041.26 79717.24 75097.12 71880.56 79980.88 76311.21 95027.75 67666.74 81747.95 88647.80 74464.21 90288.70
68425.33 72891.63 87926.62 91651.40 93936.86 83542.32 97006.60 90770.81 68370.32 72927.02 76390.18 74131.46 78666.92 95934.11 71790.52 90225.15 67113.92 83084.28 85317.57 65058.64 96861.99 80995.33 83552.38 81941.13 91980.95 90478.17 73734.00 70777.22 90491.08 74953.23 75427.26 65721.71 67575.07 69502.52 67469.19 78894.99 97025.13 85947.03 75410.44 77940.37 72477.31 74510.96 87958.02 97451.07 94776.35 77184.77 95395.83 96909.36 92697.01 71103.89 65678.70 67865.69 80647.85 88640.98 70119.93 81277.81 72698.01 76485.17 74333.29 96719.82 81423.54 85805.83 70035.87 65212.61
88065.47 68391.69 92501.04 74071.20 87144.39 80592.87 67966.45 87425.27 85821.63 83775.35 82382.13 70894.80 69853.36 96564.65 81276.16 82233.44 97316.80 76166.69 65504.23 72348.13 95806.84 87349.68 70121.72 87397.95 77688.38 82152.83 96192.16 85993.75 94249.66 85969.95 66164.32 68852.91 77071.34 77678.24 96114.60 83882.70 95982.56 90214.58 90285.71 66323.38 67900.53 97414.75 96894.34 89162.17 96597.92 81074.81 79268.98 82696.38 78725.37 65158.39 75562.86 65374.77 75790.29 75625.25 72832.67 84874.03 74231.63 88003.85 80158.63 94780.15 91499.51 81899.93 91374.23 88603.53
69769.60 71377.24 67467.66 67797.13 76448.22 67211.35 69527.06 83070.96 83895.21 80720.67 86545.26 87363.88 80382.51 73550.24 96853.41 95140.40 85930.66 69914.03 94080.34 65846.45 66500.19 65822.48 73930.25 88394.46 75375.74 75648.94 68198.76 94454.57 75361.98 73338.98 65881.18 69014.68 75843.07 87623.60 86625.82 69468.48 95600.66 89806.22 72844.67 65710.48 73717.41 84130.24 79576.68 81686.84 96136.57 82971.17 67692.72 78272.86 80556.28 76620.42 86256.79 86683.73 94397.86 92767.74 70228.68 95901.08 65722.15 72741.19 65678.69 69972.28 66533.21 68089.67 74372.46 77339.47
84111.08 90514.63 72902.78 84037.47 95802.79 91113.81 83991.51 70676.26 82851.16 94157.42 92335.70 71482.82 73397.76 77620.57 78432.90 73284.53 80046.59 92823.58 74007.56 92720.10 70543.71 69630.43 77269.06 69905.90 82159.93 80185.16 93965.72 82263.66 74703.08 79186.43 72385.94 82828.84 92222.24 71181.41 86846.93 73315.60 74821.88 80349.32 96448.21 91572.86 81866.50 65781.23 67742.56 90864.03 68332.50 89886.69 96395.21 66474.31 80589.59 91361.15 85073.52 91369.74 80719.94 93869.34 95787.56 89498.23 72155.77 79291.96 67479.91 90990.79 94030.70 75636.69 77647.80 87931.03
72090.30 67306.39 96750.32 86249.10 87219.93 65049.76 96469.94 80319.89 85697.02 94775.35 66963.11 74720.55 77054.96 84312.13 85826.42 83528.60 86859.88 75886.96 69743.24 91631.25 67400.59 65798.13 67948.03 75540.10 77892.64 80218.01 93016.47 78596.31 72587.12 76347.98 87358.10 95708.02 78371.80 77557.53 91344.06 71085.95 89391.16 85402.46 85422.64 74391.72 73665.06 85127.62 87556.32 77212.20 84830.57 73333.57 68150.15 79325.47 71969.94 80411.40 81227.17 86683.30 97457.90 84267.17 71203.06 92843.69 90287.90 74657.15 86157.71 87654.44 84522.18 86855.28 96225.60 82464.65
92235.11 83502.36 73676.46 94185.19 90820.30 71213.46 69837.34 77153.98 90206.11 90138.92 73070.54 81964.96 92352.73 79353.13 89499.91 96700.61 69633.86 85397.31 69447.49 95590.35 65486.25 77535.03 83739.82 81650.66 69549.23 71697.06 82844.75 96682.64 71132.74 92033.18 70930.99 68498.56 71784.99 85708.28 68288.97 95943.20 66737.24 65839.45 69886.19 93877.29 89334.82 71603.46 70591.32 78413.12 80506.97 72387.56 72651.37 79403.77 65344.62 81829.84 82804.72 65567.69 70424.76 90121.19 69399.43 78505.66 70974.86 75208.19 81519.59 86963.50 73697.51 68262.28 69894.76 74659.16
81820.08 73398.46 76377.39 79917.08 86761.31 75794.66 88876.94 78468.95 95760.23 93541.34 86523.66 72788.41 79524.45 76902.85 74652.12 95301.49 82455.14 68483.40 87012.64 67320.97 65582.19 74151.50 87491.75 93102.72 87717.82 82374.92 69525.45 95401.39 82190.91 69480.38 70061.94 68374.41 67449.35 79908.54 76971.21 65853.68 69580.74 92075.75 75472.46 67147.84 96744.89 81550.34 65018.53 69411.65 73654.66 90156.47 78241.22 76422.60 66883.06 65730.90 78871.63 82764.70 89053.37 89943.09 72747.02 73946.23 82434.81 82353.82 72405.67 81766.60 96913.07 71999.78 65720.53 72534.38
90136.93 73247.14 82113.89 97064.55 92084.38 93530.24 75336.58 74461.62 85755.84 69723.45 69664.60 87115.42 94222.64 66783.52 92874.75 96879.87 87865.52 87294.81 74028.43 71156.68 86918.79 65781.05 92325.87 73458.01 73496.90 70846.88 87783.13 76669.17 88194.38 92296.98 80999.01 85175.47 79109.96 84535.10 66545.01 65863.99 82650.72 93651.77 73572.55 90769.88 85054.48 90095.29 77475.39 72765.91 66917.58 71855.98 68693.85 92407.30 66193.07 93122.59 66413.22 74148.92 75219.70 72644.37 87407.15 67794.22 69518.84 84229.60 80119.63 83189.73 82040.34 77440.31 73854.20 87811.22
85232.82 82864.93 76403.88 96350.78 83284.99 86905.58 89309.97 90983.58 73714.87 96452.84 92929.80 72330.00 96767.79 80253.67 65261.84 77396.67 78041.66 66985.38 69691.40 79525.69 91730.46 82183.43 86464.26 66410.10 67690.46 69110.11 94052.50 85230.99 95081.68 76107.94 92727.20 75697.42 88127.32 85549.18 88209.93 67217.14 76036.84 76627.20 91738.28 67896.40 78167.56 67344.23 96817.98 75225.86 73222.86 81971.08 96722.17 94160.31 73124.78 91907.82 76606.34 78700.77 69258.62 94388.52 88044.75 82358.89 71485.69 96096.66 96892.33 84136.08 88974.28 79023.95 69913.07 65771.44
94767.47 82041.53 97226.46 87190.46 65014.97 92745.59 91537.21 88376.24 72628.42 94507.19 94115.65 97064.65 70055.83 95106.88 85840.58 89361.47 96198.67 79553.21 93418.76 72833.13 88484.50 72170.14 78126.65 96080.81 66394.79 73951.35 87634.88 92985.77 73970.64 76295.86 73488.04 86285.32 91641.16 76187.74 84160.24 97058.49 75283.82 87119.70 82210.34 90570.60 82377.66 86753.54 91681.74 66096.70 71636.19 94544.96 91974.37 71075.07 73793.95 68462.19 91513.68 96609.55 65243.32 84960.99 84582.21 91926.10 65818.74 68481.81 87602.66 67263.55 95397.04 83334.74 96476.87 78825.25
67453.99 77019.52 96805.62 76990.15 75840.03 82879.18 89281.55 69254.69 84901.55 72917.68 89478.80 75123.26 71573.88 95627.46 90460.51 76157.47 89917.91 85874.77 74470.84 65483.49 86938.19 72610.70 91767.37 78192.35 78256.87 75557.76 77239.98 95365.64 70721.78 72866.40 82727.91 95840.11 69680.17 82006.72 88962.68 92198.36 83864.24 87896.17 71675.06 84635.96 94590.97 84732.48 86481.77 89373.43 87437.39 70980.69 91319.30 79177.78 83200.65 76605.09 78381.34 88207.11 84014.04 84100.54 75999.53 85550.71 96185.70 89118.39 79512.40 86945.96 94802.47 82459.76 91179.49 94750.84
86408.21 92210.95 71628.19 74621.77 74090.92 74160.40 65589.57 95763.27 97448.96 70015.77 76735.95 71942.16 76294.69 79749.42 87686.42 81515.99 90840.56 93059.45 68048.77 83532.81 82847.23 71738.79 87504.22 72880.18 65068.41 81390.83 86120.33 88573.01 67253.83 82885.73 87159.27 85316.88 87965.73 73968.79 91570.55 86501.33 86220.03 73431.93 94942.05 79095.07 77836.54 96928.48 83231.18 84298.07 87642.23 79062.14 68097.90 91666.25 68375.25 86773.71 81165.88 77026.47 73625.74 96382.19 66460.31 69998.97 85830.82 67927.92 85155.45 67610.77 94844.90 67946.54 80017.04 89827.96
90356.67 92997.62 73062.53 90035.10 73063.53 85220.46 96899.64 83481.28 93841.69 74785.02 93728.65 78471.80 65394.22 79165.77 65707.01 67467.70 70732.65 91703.02 67796.50 90388.13 68995.18 67871.16 75609.40 77480.92 74630.56 92553.32 86203.97 91482.00 96802.68 65346.17 90155.40 93053.63 65360.83 83792.84 95263.68 83530.81 66351.17 81129.53 65991.04 68749.11 90007.84 71416.51 77780.80 95180.81 69082.27 97222.95 77826.24 93529.82 77045.10 91417.39 92909.68 84442.76 72254.95 65681.53 78383.60 69779.99 67608.13 73860.99 76697.48 84484.48 65544.69 91853.46 73462.90 79781.44
77097.51 90823.51 65356.50 83920.19 76845.29 87086.06 77220.52 66161.29 78916.42 79416.68 75652.07 87196.16 95723.28 77609.76 67086.72 87286.37 90688.22 91859.34 84907.56 75946.32 81565.34 66000.10 88576.85 69881.88 79076.06 84283.32 83209.43 65120.31 88260.24 68232.58 95129.86 73251.69 69021.98 81253.09 97211.33 92599.36 86959.37 68497.94 69421.21 67445.88 75181.21 86340.58 68787.34 67451.75 69529.37 78927.36 69908.30 78690.37 75344.36 86707.67 88045.33 72276.70 83427.55 94317.75 69090.81 76292.67 86781.09 74853.70 67899.33 75810.47 73026.62 95332.94 77959.66 82264.86
74723.42 92667.14 68640.62 76799.55 65145.36 88554.11 65558.75 83044.60 90220.41 85223.38 69022.61 87441.44 73911.34 76470.67 76935.20 93377.75 82150.41 65755.94 75217.62 71280.53 89613.38 70464.24 90053.59 75904.43 84328.95 70909.87 81955.21 68706.34 85768.23 80180.03 72530.59 75824.46 88617.35 71637.47 82839.13 69055.22 77077.64 91054.29 97278.31 86186.25 88461.06 91022.82 92744.96 75980.76 75677.06 80434.89 77295.97 81081.99 88926.61 94433.03 71073.02 73481.15 72653.97 78666.18 90483.53 74699.25 67462.70 78513.90 71824.19 91817.58 75679.81 70534.85 81008.92 85650.91
74109.89 97103.18 97156.06 85579.79 68793.94 73930.50 72013.97 73258.37 73857.01 89385.52 68107.45 85333.88 84392.67 82591.92 93388.77 82019.63 67703.59 85681.11 67088.06 83294.00 67496.03 79375.94 71056.39 67281.67 68725.21 87610.46 80958.28 79303.30 93410.97 75302.16 96685.03 66503.14 92998.58 81963.37 75059.56 65363.76 65356.62 72880.08 93024.61 65224.96 93642.87 83645.02 68005.09 76709.61 71548.11 83514.73 94433.89 97116.13 71250.95 89134.83 66564.83 84721.36 65393.66 93242.75 76437.24 74553.21 83944.24 88637.00 83158.54 91483.61 93569.56 97438.52 71683.71 96494.57
93306.07 81624.79 93144.39 68010.32 69807.46 82188.06 76700.87 75988.60 75118.58 72890.50 68868.07 69024.78 88846.83 76963.91 65396.53 81238.84 79061.84 67377.40 90584.20 73807.95 87731.32 92322.65 88807.93 84172.85 79251.82 69304.03 90874.17 97034.78 68513.82 88896.27 92683.48 69276.89 88934.79 89808.60 77950.13 74364.88 87781.76 83245.38 74466.33 68437.21 71651.42 65812.82 90036.14 81748.11 69854.45 94661.42 79945.61 82246.05 67775.29 80300.19 72360.67 95007.72 80788.58 86411.33 83326.02 88530.80 93775.90 91927.62 67481.76 79412.83 70500.47 96693.66 96484.87 65980.88
73933.12 81957.99 80075.38 78599.76 79909.74 87683.60 92147.36 96066.32 83817.22 80032.77 76550.50 85316.52 91987.53 87770.61 93129.62 66250.21 90627.97 85971.84 71815.01 80459.59 72828.64 81243.17 86346.80 97021.97 83687.52 76593.24 83709.43 70174.79 96460.60 93235.53 74988.44 90205.15 85457.60 96093.44 66731.68 92325.96 80696.27 82615.28 65473.97 73149.15 88779.04 80036.49 77050.65 68496.67 90975.53 86292.10 80977.36 68460.49 91090.92 72332.13 81192.48 72980.96 94720.91 72569.78 72950.26 77031.96 84698.03 96611.80 79869.31 86218.51 74621.97 67002.79 66236.96 70442.42
67542.53 65396.51 77585.60 90539.74 65091.30 74235.96 81981.60 69438.08 87689.00 73246.56 80899.01 85598.52 79203.13 86164.54 77035.80 76878.31 67221.39 67052.88 96835.12 77040.49 86069.80 83120.12 66922.66 81604.64 87307.43 81538.39 65989.81 70414.36 94175.92 76013.82 71134.87 84238.35 80183.74 88046.19 83958.54 77360.65 82448.14 96745.12 86990.16 83143.60 79817.06 76762.92 96703.11 67204.79 66377.95 68962.92 96845.51 96317.90 68060.71 77297.78 69050.77 79464.48 68907.93 74138.41 91960.02 71645.84 83200.12 75106.52 82236.19 85669.35 79122.35 80579.71 91254.45 78417.60
70477.05 90190.01 66787.42 76967.22 79132.51 92577.98 92192.95 79337.50 94390.04 78936.04 95236.20 91929.68 89404.12 97323.58 66150.08 91927.36 97178.11 96277.63 95768.20 72228.94 96999.17 92678.58 92758.03 70935.85 96027.10 90051.13 74896.44 70103.14 67915.50 77454.66 80517.25 87619.34 89127.03 85286.90 96536.39 72931.03 96077.72 95740.21 68666.10 92589.65 69443.72 93515.78 81092.44 65424.97 72511.67 78449.41 66843.93 86833.85 86708.80 83846.46 82901.65 80643.82 88504.61 84427.18 84191.89 65712.47 92553.66 93491.30 85854.03 89359.53 88823.99 80453.16 77997.92 87010.26
79098.20 80559.59 90115.84 75367.80 76518.01 91749.91 84869.26 76864.65 68776.25 83871.52 96518.20 86548.08 76820.29 88263.22 75935.25 73829.47 89204.14 71074.79 94993.83 82900.69 95621.13 73789.93 94092.60 73644.01 90216.06 72816.96 89704.24 65218.17 81091.08 67984.71 70885.61 75462.06 67861.20 77108.46 76924.19 66410.08 71985.98 86504.12 88341.00 95788.72 92446.89 79095.19 72528.76 72057.03 82426.29 95128.15 73591.45 80822.34 77639.23 85159.24 65517.78 77699.04 72254.57 73374.28 96869.80 80379.25 78797.57 72372.58 74812.11 95443.47 85249.40 82222.79 85551.38 80269.33
69863.50 74381.66 92163.89 97413.38 66251.23 66633.67 72545.93 72507.81 68438.91 92414.52 87967.81 73209.94 66481.00 75632.42 68011.81 94526.65 69989.05 79141.46 87362.23 97464.26 70880.50 88922.30 74326.09 86979.91 86612.11 80217.32 92239.27 77347.08 92182.77 80294.34 82827.44 77223.87 93605.23 76184.39 70479.11 72783.12 95609.72 78609.80 89690.11 86472.28 89501.48 75123.05 85501.70 83123.26 65275.55 66496.20 72376.94 83291.95 90768.35 87728.82 88321.76 86682.90 92736.13 82999.56 69797.04 72129.54 84983.04 76345.21 73067.14 66067.22 82997.40 96179.18 93381.02 97497.34
65955.28 75083.39 67293.53 96845.16 76281.54 81569.05 92000.71 86441.94 93441.62 74974.19 77222.78 73639.56 67142.77 89466.44 96627.22 69869.77 93821.28 93368.78 95607.71 88077.62 83983.16 69676.26 68896.01 66690.64 78246.15 89908.65 92217.61 85273.70 73542.12 73907.00 70573.74 69644.01 95910.05 85708.06 71383.95 93526.91 65014.14 86703.78 76215.15 66205.48 71890.28 85092.32 84682.02 67767.46 72426.12 94558.66 80835.25 77817.36 83332.42 91634.26 74388.85 75762.55 74988.58 70608.56 77910.33 91589.78 90086.82 87259.11 68916.86 84861.65 96296.37 68406.56 70498.93 71573.78
75567.41 82031.31 79139.28 66887.32 86926.50 91524.96 77057.01 66116.90 81018.34 75682.99 81815.33 81150.56 85270.33 67068.70 87384.89 84306.64 95222.67 81679.57 87554.81 68653.30 97213.33 71956.64 69812.97 70833.36 82998.42 91160.95 90214.69 71807.80 76849.13 91586.54 70317.30 67833.83 80809.33 66151.66 96211.01 74292.41 65484.66 94959.92 66159.19 81157.52 68839.56 95466.48 83212.12 68099.55 96887.64 74456.80 81717.72 91434.54 83437.80 89913.92 90500.54 82486.52 81899.71 83446.25 91846.88 73708.95 70782.46 76130.02 76971.01 71041.80 89518.64 77658.95 97033.16 96577.24
77150.38 87586.33 67562.54 79367.29 86301.63 72439.21 77263.96 90450.05 78252.48 81036.93 80646.94 67654.11 76204.34 72427.24 82660.73 85517.97 71987.82 73850.57 93137.43 86837.10 84739.82 91030.35 91564.08 81917.88 90818.10 83875.55 70259.27 66349.48 92296.18 83448.54 71875.44 80136.96 82100.85 93606.99 68212.92 77912.54 81347.12 82581.28 97440.51 82905.55 93301.57 77306.95 94299.23 76639.60 90230.75 66935.46 82421.78 71791.87 80441.39 71248.14 94453.73 80570.99 95607.37 70686.10 83880.24 81685.91 72454.86 68713.73 84188.13 67532.72 85954.69 74632.35 81389.33 65734.63
80574.63 72703.45 86084.73 82767.91 89834.99 82578.10 82032.53 67929.17 72160.34 78763.27 67086.75 67267.52 96824.14 73834.47 93995.12 95567.32 73646.67 75642.14 91418.61 71587.74 93578.88 89742.22 97499.49 80340.48 65352.70 83478.49 74982.52 94765.36 81936.66 94523.57 74470.01 85742.51 74828.53 75693.04 90982.46 86691.14 94310.88 94649.81 71793.04 89628.21 67271.39 81021.03 88154.80 79420.98 66442.69 80517.04 92586.92 93353.32 77913.94 71526.07 88777.20 91740.46 78567.34 97272.96 91901.87 66415.19 82499.75 95772.54 76040.59 97237.66 96289.63 70906.28 80780.80 69227.23
78281.78 69819.76 88334.43 90858.48 95801.21 93118.45 72076.42 68124.24 92033.39 81980.08 71158.46 90243.27 85819.23 89727.89 65748.43 80406.50 65340.50 86746.77 79854.02 77589.30 72477.45 69052.91 73086.32 96721.28 79901.03 91289.79 90103.83 76461.50 72730.50 81682.59 94797.66 77609.55 77125.15 91738.38 95933.74 86963.05 82962.99 88578.39 88463.45 65588.82 91112.92 73656.78 70758.44 81336.71 85084.71 84373.34 74099.61 68121.15 96246.98 92791.44 93088.20 87600.94 95210.18 74648.90 70548.52 88725.77 86730.70 91487.45 68350.84 66638.62 71841.36 83692.97 89077.16 77741.77
90268.56 77433.82 83495.30 87107.10 81169.17 96298.85 86021.38 86507.66 83935.24 79542.06 81653.48 68022.34 70274.33 81071.64 83305.33 85679.02 90091.69 93214.49 76601.40 69416.58 96284.66 73450.60 88724.13 95137.95 73510.42 80024.16 88196.28 66232.50 96686.35 83360.56 79114.90 94210.72 79090.26 73951.38 77506.87 95218.31 75998.12 67139.02 66971.74 82752.00 76281.98 83707.91 70853.87 76067.79 73729.40 71108.38 95296.57 67747.47 91624.39 73684.12 78094.66 75784.99 68363.25 73620.61 90195.98 97084.31 69804.20 88459.36 72239.77 65662.21 96549.35 92002.57 84116.08 78055.12
66944.37 68403.93 95089.29 79874.33 86317.94 80746.75 94458.12 81096.41 76864.53 77703.38 74091.61 93096.86 70526.95 74836.37 72917.61 78763.85 94919.21 72090.54 82091.32 85184.96 75975.64 69927.71 73724.16 70452.51 96846.04 81247.15 76106.16 72506.59 92608.01 71708.95 80226.38 75426.42 95228.32 89346.92 81821.54 72661.80 82461.09 90175.70 76558.42 89551.28 92667.86 94486.04 91307.78 80691.78 73737.54 83438.46 77737.04 87916.16 73389.52 88091.45 85538.80 78462.41 78746.56 77698.42 88401.52 72446.56 70550.57 68385.94 87580.40 75644.04 97293.01 95344.40 67581.27 68106.39
70643.92 67561.12 78354.87 96085.18 65217.48 70906.35 96617.53 91230.16 71968.74 74279.03 72740.85 73106.79 77102.05 84202.52 82234.92 68960.35 91971.84 86284.85 93064.17 71463.60 87401.20 97299.36 86129.25 82268.78 77739.07 68929.22 70525.69 91452.37 86113.40 70537.57 68057.23 89725.75 86256.72 85276.71 91919.26 76841.31 65089.78 96588.47 85036.84 94445.97 74977.35 75057.49 92039.52 82288.65 87926.35 79328.52 85451.87 80897.69 78317.17 83637.85 68901.08 96904.18 83423.38 75246.92 72437.75 75801.75 84065.43 87523.42 93247.27 93015.36 84673.59 68128.68 81405.50 81720.35
72216.91 84215.50 69680.78 70804.17 74867.86 74338.76 82737.54 69088.82 92085.22 73660.82 83404.12 95779.84 69350.81 73250.65 92121.09 96726.24 92158.43 80531.54 76336.14 74726.59 70751.23 95935.16 95060.47 79203.24 77823.43 90302.05 97129.07 81659.21 81881.54 74378.49 65374.27 86006.02 90625.03 93264.36 89719.09 79628.84 69167.41 90861.88 76556.44 77459.03 80822.89 89045.62 66267.12 80894.46 65891.77 93514.35 73877.13 76746.80 65139.69 96232.29 93010.50 89939.83 81491.96 94973.64 90995.44 96639.03 75444.14 66876.52 65769.50 81365.10 93823.23 66897.77 94522.84 81491.10
67409.70 85388.64 70123.15 77326.49 92958.28 91651.77 75816.07 70214.79 87895.36 71942.82 70531.18 73022.62 74315.16 82939.36 68065.37 87037.99 92320.26 69465.93 87255.68 84563.40 97015.89 91706.37 88825.47 92226.53 94007.72 67027.47 65296.08 82818.58 93428.82 96480.37 75376.02 89626.30 83817.12 80056.24 78662.42 85352.99 83852.45 66539.55 80461.31 72377.64 89600.01 68649.00 80088.09 85837.04 69406.91 85503.09 81346.48 81582.94 66516.79 72784.39 72326.33 95847.70 73903.81 91578.97 89781.20 87288.02 93689.65 89509.25 79825.30 82251.54 80642.14 65607.34 84334.08 95816.85
92876.50 85023.10 66221.25 86878.18 76936.24 78419.81 78729.70 91156.06 80505.31 67784.99 96491.69 93862.10 72456.95 68432.90 67848.21 91594.14 91306.69 86719.53 88293.60 96586.04 70380.36 97334.92 91058.97 91428.85 81404.38 93553.91 91773.75 78921.36 94922.35 90972.48 65015.07 95027.23 94082.93 72152.27 76721.66 90316.87 88416.99 95250.93 84642.56 65762.70 72960.16 75569.99 94432.19 72949.32 78976.91 89530.65 88035.53 79515.67 92191.53 87857.62 88032.83 81795.06 94169.98 88805.68 72582.88 85496.76 67975.84 88005.11 67999.68 83784.77 80478.22 92920.44 84781.02 89454.52
72098.70 86462.96 66226.19 84967.26 85706.49 65411.71 76817.99 78147.80 96131.79 79328.44 68102.18 66741.45 92168.80 73235.62 74712.13 68436.23 90620.77 83102.33 78361.02 89499.91 79982.39 88736.93 68193.14 82548.52 69617.33 78347.02 71144.75 72194.19 78155.72 68579.94 81997.01 78332.23 79954.64 71469.45 85327.15 71944.51 80630.76 65141.51 70598.13 67930.64 90172.53 75695.41 65263.64 88792.94 84278.25 67560.90 86799.28 90559.86 85376.97 80984.49 71589.35 79334.86 77067.22 84525.00 70832.96 75444.44 82693.18 81962.29 86792.87 85337.97 85649.34 71530.58 67328.50 87346.05
81564.03 77799.38 74958.57 86676.78 89724.56 65261.65 75382.60 69696.99 76218.12 96251.06 93121.92 93537.54 67747.23 94394.95 80316.11 96755.14 88441.57 83726.09 93345.86 68391.52 82509.03 80969.50 77543.19 80373.21 74142.57 74965.54 79706.50 80179.22 87705.84 94905.95 89314.63 73091.38 68498.47 66500.29 73765.07 90328.90 95343.47 74222.30 65919.67 74786.85 93098.12 92276.37 71030.98 71945.39 94967.81 90096.22 92603.24 66290.63 79218.69 75971.03 75470.52 85038.43 89242.18 84629.79 71948.63 81656.80 76245.78 67173.17 86136.36 80521.87 70094.70 81613.82 87167.99 69246.64
65724.09 78622.06 95733.49 90341.95 90436.22 66985.88 71638.85 89308.16 84678.22 75880.81 68491.37 88273.65 65871.72 95751.29 89694.07 65221.26 96130.72 88191.02 89537.45 82123.06 72538.08 71729.60 92991.19 79485.76 77327.56 89404.05 70224.64 70401.78 77243.68 92365.89 86318.99 68793.95 78190.17 77690.14 68611.07 94234.89 96741.00 86642.70 95639.58 86665.50 85742.80 96730.13 78099.84 88140.91 68149.90 96815.63 73799.13 94220.95 95139.43 81980.72 93315.49 86417.47 91811.88 81642.07 90626.74 71999.77 77562.31 73833.01 68024.63 91456.87 78878.56 90188.66 69347.06 68711.48
94165.50 86434.44 74352.50 87939.79 82712.64 88074.57 74720.97 78783.17 94723.40 72513.14 67463.82 81464.48 91886.16 65935.88 76247.51 89389.90 85165.56 75466.65 81530.02 81698.76 90769.47 66949.21 79675.18 87253.87 82913.87 82614.39 70615.79 93344.36 70209.75 88099.48 83307.95 87168.51 89344.87 74324.78 88649.00 73414.21 91905.66 92619.99 71631.38 77326.53 89260.05 95917.26 74883.94 85491.70 83957.97 96369.79 83558.72 72155.25 86951.24 81006.39 77975.43 65298.14 69716.59 71924.54 84718.23 79107.73 72977.77 76079.26 94078.68 72887.50 70727.25 66283.02 87371.31 94248.23
65057.53 79244.06 91859.94 68350.10 85316.06 74271.34 91468.01 69714.27 83317.14 74941.58 94810.09 77795.54 73236.67 74629.37 68017.61 74750.53 81528.24 88621.76 65591.48 74762.00 76889.55 77078.53 80985.82 81559.33 93920.58 81494.46 76803.60 82291.17 84396.09 93370.12 97486.37 77504.20 82858.38 71725.96 94755.30 96226.75 95725.30 72439.69 91317.52 87000.23 72632.94 68150.08 72116.51 94395.48 90666.31 87999.37 87043.60 75287.30 88533.47 90830.69 80533.32 83405.28 66191.47 89555.85 72015.10 95591.78 65083.46 78140.38 73497.30 83113.40 87080.34 74060.11 83956.89 93809.78
73867.42 74299.47 79421.91 74581.17 89194.92 96970.48 96853.06 77927.80 69139.70 71663.13 81057.63 84120.52 85581.94 77499.19 78795.69 81783.05 84725.57 85540.17 97045.19 74795.34 76355.68 81895.79 97137.57 92541.35 67042.13 82197.56 93276.11 73852.18 70767.23 87891.66 69512.22 97267.78 75414.96 72110.54 79409.03 67673.56 67372.66 77501.91 94999.65 66582.10 80817.04 84498.60 73389.11 78873.61 96025.73 77071.70 72796.24 70118.29 94210.02 83936.11 75194.73 79533.37 69326.53 79622.21 80334.24 96314.63 72786.59 87545.12 79543.83 69179.42 96645.50 76243.38 92257.04 81303.54
67392.90 75353.27 96578.71 77226.11 76712.57 87981.06 67529.26 77793.70 96399.32 85410.11 78389.72 94013.02 74405.52 90731.85 87182.39 66195.77 89162.88 65805.56 70261.81 80782.58 66440.38 85829.31 85419.60 73197.72 67925.76 70480.80 80831.74 66173.53 79241.18 67889.88 81300.97 96086.42 79162.32 97111.23 91232.35 80417.45 69870.75 84124.22 68457.70 65813.79 74738.79 80578.78 65979.34 78690.07 81732.37 97291.86 71990.00 69712.45 85439.44 72090.80 75895.23 71756.89 85438.23 96059.55 90328.11 78748.55 66381.04 82879.60 91654.39 70928.54 83133.95 85351.87 94177.32 84654.36
92892.22 68468.87 73807.17 86072.27 76137.32 69178.84 74667.69 80918.95 65630.37 78517.46 70059.88 70927.31 93875.10 83844.05 94761.92 85895.17 92677.75 86561.37 84268.41 96280.34 75690.50 94589.38 90027.19 86646.40 76193.91 72053.84 90150.80 93706.88 85716.27 82388.01 70818.52 72241.69 68136.90 71226.98 70842.68 94900.52 76746.82 75476.75 95948.31 96427.68 73178.34 65741.73 73232.50 94683.48 68028.47 68537.44 76553.46 93667.56 66028.42 85821.53 77373.61 76277.88 90621.14 68249.37 68689.08 70707.96 74191.43 73056.34 92131.82 67150.06 90954.07 87697.89 93716.30 91124.56
79256.43 69433.93 86759.82 89275.48 70807.31 77871.66 89880.60 82189.38 84412.12 74237.76 82259.57 66004.83 75434.28 93178.45 79667.97 87630.33 91337.42 96043.91 89085.35 81682.15 75226.04 85358.75 93811.29 66929.92 91616.34 93809.51 94966.16 81275.56 89124.53 81822.38 68011.65 74987.35 70708.22 73420.17 72217.25 96843.99 87280.35 89979.86 88161.59 84135.31 83805.57 88129.49 84464.16 84679.69 68749.03 86097.62 82394.62 92504.44 70785.26 88214.32 91392.28 78197.31 81494.18 94500.75 91028.00 74696.99 94158.37 72883.48 90178.27 86185.14 66106.13 68751.97 87889.95 69478.20
71378.87 80438.31 73474.49 74227.49 97491.62 84559.18 90243.44 87441.56 74383.38 93059.00 90850.90 80496.07 95663.32 75400.99 83832.82 72038.13 77038.60 85586.94 68763.02 67012.04 67951.18 93188.82 85861.18 95674.37 77946.47 82783.70 96294.85 86727.07 77381.08 70177.24 89059.33 82877.86 87112.02 88196.78 67509.09 69122.50 75027.84 65242.19 88234.69 81553.40 72196.35 73390.91 73686.72 86013.24 77170.69 83738.77 82997.47 81118.33 79809.39 74229.08 84625.68 85154.62 71590.25 68621.64 82542.99 69710.44 94641.64 76680.34 79382.58 78574.24 81793.38 94915.49 75461.21 69437.25
89840.34 86062.73 67897.10 87585.23 76930.73 81414.02 89354.60 91027.14 78741.66 85095.88 92652.22 79500.79 85406.30 76605.03 69218.64 85203.76 93082.70 65093.25 87059.19 72685.00 91848.20 84194.89 91045.66 91894.47 96147.66 90100.11 95756.35 67906.14 88512.22 92993.60 66174.97 90482.01 69132.99 76397.65 81307.17 88696.04 70257.36 85367.30 74855.14 91921.92 84704.72 74801.18 67898.78 70584.31 88324.03 93741.65 67676.77 66935.74 78944.03 66104.74 69135.36 68947.54 71580.08 70003.03 81332.55 77070.02 74094.50 88506.57 70358.36 74365.08 91846.13 96805.81 89641.55 68369.61
73641.45 86655.04 92066.13 90030.60 94510.58 83503.18 95858.75 65463.30 77341.24 85987.21 69856.79 74347.81 67127.38 80225.48 69267.60 73632.48 68938.70 76049.95 83790.01 95435.72 77181.07 96939.15 91797.45 69835.72 68148.62 82353.53 77671.40 85491.58 74288.20 72146.28 67493.30 94742.23 67253.55 70439.79 71666.00 94694.75 90566.64 68311.43 81927.05 65198.96 88354.71 75719.48 89017.05 91915.82 95940.92 89192.65 84699.99 67165.53 82756.65 80099.93 78831.07 77905.87 78673.12 67162.29 83627.22 65839.66 72730.35 92209.66 73502.74 86758.97 81541.80 67032.58 67521.64 77771.41
81596.57 70023.10 89736.23 86600.20 90712.98 87534.60 96457.09 67979.76 84170.28 92854.11 97255.06 72752.54 72470.93 72855.15 73266.83 80662.82 86360.43 84367.65 82112.13 79647.00 88397.56 92854.63 91850.29 69392.56 80056.03 68447.81 78743.21 76982.40 80552.44 82446.98 71301.90 77673.38 80724.07 83027.72 74002.35 67072.82 72805.94 70215.87 74784.37 90393.49 77350.23 70587.57 72542.95 74941.38 83612.51 75062.34 70865.39 93665.72 74515.52 88213.49 87802.76 93757.39 92800.62 67011.08 67655.78 93437.64 84527.61 84357.93 94888.00 76880.85 90432.91 78383.17 71245.93 95043.00
65112.49 82603.77 94085.91 79606.47 70693.87 91085.65 70785.34 68121.24 85678.88 83442.95 71456.05 87612.26 73454.13 85593.62 67316.22 67309.41 79685.63 67868.48 96759.73 72741.17 85033.31 92489.40 76242.73 73960.72 70085.46 83201.16 78000.68 94688.04 83748.93 90319.50 77354.02 89600.12 65835.41 84252.70 93688.26 90705.90 84070.67 84855.66 88361.24 79649.40 78560.63 72797.94 73877.29 78394.32 93036.48 75853.71 81809.89 92194.69 72821.45 79771.81 69394.74 69209.73 68012.07 67371.09 70703.48 72978.84 70413.03 95244.42 95703.78 92151.50 88469.48 96823.01 82778.08 71347.29
69447.15 85995.46 70717.57 86478.46 81232.14 96416.72 89687.97 74417.02 77930.52 66733.90 94841.54 94987.97 88430.89 92181.15 75697.30 76322.37 94878.17 85695.39 78571.42 76261.10 83672.16 89116.84 93698.27 91295.37 94047.07 81186.27 71775.24 77688.58 80626.79 66231.95 74768.30 86171.55 90287.50 78237.86 67740.11 90059.61 90493.78 82366.16 83436.18 97164.48 71539.10 70239.20 69391.43 87048.63 65716.47 87580.96 69182.45 84111.99 81380.30 89201.67 68196.24 69542.25 93627.22 76274.58 83343.97 78730.81 94149.06 81311.69 85820.30 84039.55 77552.00 76869.23 77010.70 78864.58
65592.32 90446.66 82670.74 83301.95 97323.78 77910.48 73773.23 92682.50 78102.82 73892.66 94786.40 68927.55 66770.69 85030.15 68015.75 96398.67 69248.53 94596.17 73846.46 79627.78 68557.80 82121.25 66912.56 73580.00 75998.06 70974.44 93402.71 65616.18 85030.70 78583.93 85509.11 74223.72 83710.59 77530.52 71027.19 70021.98 93984.65 93551.38 89197.04 77485.16 75653.58 80707.34 66853.21 71852.81 76300.97 80378.91 72386.58 88076.31 84519.54 88482.69 88108.03 94792.55 80262.38 73609.16 79893.62 89369.14 88544.87 78410.30 77869.89 79916.74 74842.03 93358.06 67934.79 89620.10
97001.95 91294.44 95670.89 77305.43 91753.10 84459.94 76433.77 94395.40 72587.19 90307.17 85392.25 95937.30 91897.19 68616.77 96877.27 79849.96 76701.00 82510.09 68953.75 84151.87 87643.09 83931.84 67755.41 79574.42 83457.30 88355.35 83097.66 83635.00 83751.28 70966.76 92325.18 79986.99 89748.57 65701.74 87699.21 65788.02 72206.74 87376.03 71531.80 65287.62 84874.65 79383.73 71286.36 84791.27 95594.47 73983.08 92842.55 83339.56 94866.00 82309.16 67942.98 95841.49 75278.78 88814.96 90289.49 71433.85 68565.44 71477.15 97259.16 79303.89 71242.26 95605.92 86603.92 93745.87
89382.34 75128.46 65765.63 76960.08 90715.01 89394.75 84403.02 73449.44 82405.48 85018.68 87770.36 76891.75 83500.86 69530.07 96204.08 94029.11 84871.66 70584.97 90452.42 94555.40 90046.72 81246.65 65527.65 65006.41 77216.88 71307.78 87580.98 93978.32 73216.55 88588.20 95389.02 68374.72 95238.26 93174.82 90494.26 88669.54 89850.33 74986.56 97490.49 72742.66 88755.33 88245.74 67806.52 94286.37 70768.31 86591.98 68425.34 82705.46 94554.07 71747.72 96903.81 89204.97 86413.61 76949.19 91313.23 73441.12 82397.91 66302.69 82828.04 87924.46 82067.95 68669.45 77709.12 92759.10
